0.2391   0.9296   0.1572   0.9550
0.1840   0.9449   0.1298   0.9629
0.1561   0.9533   0.1123   0.9678
0.1330   0.9600   0.1053   0.9693
0.1174   0.9637   0.0971   0.9725
0.1012   0.9697   0.0913   0.9733
0.0942   0.9713   0.0852   0.9750
0.0856   0.9740   0.0818   0.9760
0.0798   0.9749   0.0794   0.9767
0.0737   0.9773   0.0777   0.9764
0.0677   0.9796   0.0763   0.9780
0.0640   0.9804   0.0735   0.9789
0.0591   0.9819   0.0742   0.9788
0.0556   0.9827   0.0708   0.9793
0.0534   0.9834   0.0710   0.9799
0.0502   0.9848   0.0684   0.9808
0.0470   0.9845   0.0686   0.9803
0.0448   0.9856   0.0689   0.9805
0.0430   0.9865   0.0681   0.9811
 0.0637182623859
      0.9813
