0.3555   0.8921   0.2177   0.9388
0.2861   0.9140   0.1893   0.9459
0.2490   0.9253   0.1688   0.9519
0.2215   0.9342   0.1586   0.9550
0.2030   0.9395   0.1432   0.9587
0.1862   0.9444   0.1355   0.9611
0.1766   0.9466   0.1297   0.9618
0.1648   0.9502   0.1228   0.9647
0.1552   0.9538   0.1181   0.9649
0.1489   0.9543   0.1141   0.9673
0.1432   0.9564   0.1111   0.9677
0.1366   0.9586   0.1055   0.9694
0.1310   0.9605   0.1035   0.9694
0.1268   0.9612   0.1026   0.9714
0.1243   0.9624   0.0998   0.9723
0.1182   0.9640   0.0973   0.9725
0.1132   0.9649   0.0961   0.9726
0.1116   0.9665   0.0930   0.9739
0.1080   0.9671   0.0913   0.9739
 0.0931263677045
     0.9701
