0.1715   0.9496   0.1145   0.9669
0.1295   0.9607   0.0953   0.9726
0.1030   0.9692   0.0874   0.9725
0.0849   0.9738   0.0781   0.9770
0.0712   0.9781   0.0762   0.9776
0.0644   0.9799   0.0706   0.9787
0.0563   0.9821   0.0684   0.9788
0.0498   0.9838   0.0670   0.9793
0.0439   0.9862   0.0687   0.9805
0.0390   0.9873   0.0726   0.9810
0.0344   0.9891   0.0673   0.9807
0.0319   0.9897   0.0701   0.9804
0.0289   0.9907   0.0684   0.9813
0.0276   0.9912   0.0714   0.9819
0.0247   0.9919   0.0664   0.9830
0.0212   0.9928   0.0643   0.9827
0.0219   0.9928   0.0659   0.9836
0.0202   0.9935   0.0711   0.9825
0.0192   0.9937   0.0697   0.9830
 0.0645185155079
    0.9818
