0.1434   0.9570   0.0983   0.9683
0.1029   0.9679   0.0832   0.9744
0.0821   0.9747   0.0863   0.9732
0.0699   0.9778   0.0781   0.9773
0.0582   0.9815   0.0702   0.9792
0.0508   0.9831   0.0715   0.9782
0.0434   0.9857   0.0790   0.9784
0.0392   0.9869   0.0758   0.9796
0.0358   0.9881   0.0731   0.9790
0.0332   0.9894   0.0749   0.9802
0.0298   0.9901   0.0852   0.9793
0.0283   0.9903   0.0759   0.9818
0.0262   0.9909   0.0756   0.9812
0.0249   0.9915   0.0715   0.9811
0.0223   0.9922   0.0805   0.9803
0.0212   0.9928   0.0761   0.9800
0.0204   0.9933   0.0829   0.9822
0.0209   0.9929   0.0757   0.9807
0.0165   0.9944   0.0776   0.9831
 0.0737445625972
       0.9831
