4.7690   0.6664   8.6011   0.4634
8.4380   0.4746   8.4189   0.4766
8.4277   0.4759   8.3163   0.4837
8.4681   0.4735   8.9540   0.4428
8.4101   0.4776   8.2457   0.4876
8.4244   0.4767   8.2659   0.4867
8.4050   0.4781   8.4348   0.4764
8.4042   0.4779   8.4680   0.4743
8.3640   0.4809   8.3026   0.4847
8.4157   0.4776   8.3757   0.4801
8.2325   0.4887   8.1112   0.4956
7.7642   0.5176   7.3897   0.5412
7.7491   0.5187   7.3405   0.5440
7.5630   0.5303   7.3127   0.5459
7.4958   0.5345   7.8709   0.5110
7.6288   0.5262   7.1809   0.5543
7.5007   0.5342   7.1023   0.5590
7.2251   0.5514   7.1743   0.5548
7.3673   0.5427   7.5824   0.5291
 7.45655227051
   0.5371
