0.6711   0.8076   0.4230   0.8920
0.5196   0.8473   0.3514   0.9035
0.4515   0.8657   0.3141   0.9124
0.4104   0.8777   0.2911   0.9185
0.3805   0.8882   0.2724   0.9232
0.3564   0.8955   0.2575   0.9264
0.3357   0.9018   0.2448   0.9290
0.3193   0.9069   0.2342   0.9314
0.3063   0.9092   0.2236   0.9356
0.2936   0.9158   0.2156   0.9374
0.2812   0.9185   0.2079   0.9399
0.2680   0.9209   0.2006   0.9416
0.2623   0.9231   0.1941   0.9437
0.2528   0.9261   0.1882   0.9455
0.2460   0.9275   0.1824   0.9465
0.2370   0.9310   0.1768   0.9489
0.2290   0.9332   0.1727   0.9499
0.2238   0.9336   0.1677   0.9514
0.2173   0.9367   0.1640   0.9531
 0.168071595159
    0.9499
