1.4162   0.6052   0.6343   0.8643
0.6499   0.8126   0.4071   0.8943
0.5092   0.8501   0.3437   0.9065
0.4447   0.8686   0.3109   0.9147
0.4031   0.8816   0.2886   0.9194
0.3742   0.8904   0.2718   0.9233
0.3503   0.8974   0.2569   0.9265
0.3306   0.9046   0.2448   0.9303
0.3117   0.9090   0.2332   0.9323
0.2990   0.9132   0.2230   0.9366
0.2849   0.9174   0.2138   0.9400
0.2745   0.9216   0.2072   0.9415
0.2665   0.9220   0.1999   0.9428
0.2547   0.9258   0.1929   0.9456
0.2463   0.9288   0.1870   0.9477
0.2362   0.9300   0.1805   0.9500
0.2290   0.9336   0.1759   0.9512
0.2220   0.9348   0.1716   0.9526
0.2143   0.9372   0.1677   0.9541
0.2107   0.9386   0.1628   0.9557
 0.165312246725
    0.9514
