0.2861   0.9116   0.1091   0.9668
0.1198   0.9645   0.1072   0.9690
0.0895   0.9727   0.0826   0.9785
0.0737   0.9782   0.0940   0.9792
0.0669   0.9802   0.1095   0.9736
0.0571   0.9835   0.0927   0.9800
0.0517   0.9850   0.1127   0.9769
0.0498   0.9862   0.1028   0.9793
0.0469   0.9869   0.1036   0.9803
0.0469   0.9877   0.1201   0.9781
0.0416   0.9889   0.1320   0.9781
0.0443   0.9891   0.1190   0.9816
0.0419   0.9896   0.1317   0.9784
0.0417   0.9905   0.1413   0.9783
0.0421   0.9906   0.1284   0.9818
0.0449   0.9905   0.1221   0.9835
0.0425   0.9911   0.1665   0.9791
0.0414   0.9913   0.1617   0.9782
0.0466   0.9908   0.1568   0.9806
0.0427   0.9916   0.1605   0.9808
 0.156540551523
    0.9816
