0.2858   0.9122   0.1638   0.9483
0.1209   0.9634   0.1260   0.9666
0.0912   0.9735   0.0846   0.9773
0.0762   0.9768   0.0874   0.9781
0.0622   0.9819   0.0993   0.9752
0.0580   0.9833   0.1038   0.9772
0.0513   0.9858   0.1287   0.9722
0.0484   0.9860   0.1217   0.9762
0.0470   0.9874   0.1190   0.9792
0.0452   0.9882   0.1054   0.9808
0.0427   0.9893   0.1234   0.9790
0.0415   0.9897   0.1285   0.9791
0.0412   0.9901   0.1465   0.9772
0.0410   0.9900   0.1343   0.9797
0.0431   0.9904   0.1356   0.9809
0.0392   0.9915   0.1414   0.9810
0.0419   0.9912   0.1688   0.9783
0.0436   0.9908   0.1555   0.9806
0.0456   0.9904   0.1526   0.9804
0.0513   0.9913   0.1570   0.9810
 0.16492340774
    0.9798
