0.5619   0.8299   0.2282   0.9309
0.2944   0.9111   0.1654   0.9511
0.2332   0.9312   0.1424   0.9594
0.2016   0.9393   0.1325   0.9633
0.1812   0.9461   0.1248   0.9655
0.1649   0.9513   0.1132   0.9678
0.1499   0.9548   0.1142   0.9692
0.1447   0.9569   0.1045   0.9715
0.1359   0.9591   0.1038   0.9725
0.1301   0.9607   0.1000   0.9725
0.1227   0.9634   0.1000   0.9739
0.1180   0.9643   0.1023   0.9735
0.1146   0.9659   0.0985   0.9751
0.1117   0.9655   0.1020   0.9743
0.1076   0.9682   0.1005   0.9761
0.1053   0.9680   0.0974   0.9752
0.1037   0.9689   0.0991   0.9750
0.1000   0.9700   0.1068   0.9746
0.0982   0.9699   0.0989   0.9739
0.0962   0.9716   0.1010   0.9756
 0.0929920598169
     0.9734
