0.4129   0.8737   0.1815   0.9457
0.2200   0.9337   0.1458   0.9560
0.1806   0.9464   0.1152   0.9669
0.1663   0.9518   0.1196   0.9642
0.1554   0.9554   0.1078   0.9693
0.1524   0.9571   0.1001   0.9708
0.1502   0.9579   0.1007   0.9716
0.1508   0.9572   0.1012   0.9732
0.1579   0.9568   0.0947   0.9766
0.1591   0.9575   0.0906   0.9761
0.1618   0.9592   0.1061   0.9730
0.1697   0.9575   0.1120   0.9720
0.1749   0.9579   0.1228   0.9727
0.1769   0.9575   0.1163   0.9738
0.1899   0.9568   0.1361   0.9690
0.1978   0.9577   0.1234   0.9719
0.2053   0.9583   0.1256   0.9748
0.2405   0.9542   0.1441   0.9749
0.2865   0.9531   0.1971   0.9706
0.3482   0.9511   0.2240   0.9705
 0.251794245385
    0.9681
