0.5090   0.8446   0.2207   0.9344
0.3366   0.9007   0.1950   0.9395
0.3111   0.9137   0.1827   0.9472
0.3216   0.9147   0.1964   0.9424
0.3634   0.9148   0.2082   0.9529
0.5298   0.9058   0.3571   0.9447
0.9091   0.8968   1.0766   0.8955
1.2912   0.8869   0.9370   0.9214
1.6469   0.8753   2.0320   0.8513
1.9214   0.8641   1.4486   0.8988
2.1566   0.8538   2.8606   0.8073
2.2963   0.8477   1.5740   0.8957
2.4625   0.8393   1.5077   0.9011
2.6009   0.8317   1.9221   0.8764
2.6995   0.8267   3.3768   0.7825
2.7460   0.8249   3.5676   0.7725
2.9301   0.8138   2.9510   0.8130
3.0053   0.8095   2.2338   0.8585
3.1139   0.8035   1.6532   0.8949
3.1923   0.7989   3.9437   0.7506
 4.12566283951
    0.7399
