0.4443   0.8623   0.1995   0.9389
0.2662   0.9201   0.2080   0.9395
0.2435   0.9298   0.1348   0.9596
0.2382   0.9327   0.1230   0.9654
0.2398   0.9351   0.1328   0.9628
0.2533   0.9357   0.1306   0.9678
0.2728   0.9346   0.1696   0.9604
0.3300   0.9321   0.2219   0.9554
0.4661   0.9263   0.3838   0.9479
0.7064   0.9189   0.7320   0.9313
0.9752   0.9114   0.6081   0.9465
1.2380   0.9020   0.8821   0.9326
1.4019   0.8955   0.8223   0.9405
1.5738   0.8889   1.5177   0.8975
1.7531   0.8793   1.5022   0.8971
1.8761   0.8746   1.6162   0.8921
2.0646   0.8647   1.9780   0.8702
2.0859   0.8633   0.9500   0.9381
2.1777   0.8589   1.2856   0.9166
2.2841   0.8525   1.5815   0.8977
 1.73811206647
    0.8881
