0.8018   0.7495   0.2802   0.9198
0.4371   0.8695   0.2273   0.9339
0.3727   0.8874   0.2070   0.9410
0.3377   0.8966   0.1854   0.9494
0.3122   0.9065   0.1733   0.9509
0.2922   0.9124   0.1593   0.9565
0.2780   0.9165   0.1528   0.9576
0.2666   0.9213   0.1512   0.9581
0.2495   0.9251   0.1441   0.9606
0.2494   0.9253   0.1449   0.9610
0.2380   0.9287   0.1416   0.9614
0.2351   0.9305   0.1383   0.9628
0.2282   0.9320   0.1401   0.9619
0.2239   0.9324   0.1373   0.9639
0.2232   0.9345   0.1329   0.9646
0.2166   0.9348   0.1331   0.9647
0.2149   0.9357   0.1296   0.9642
0.2109   0.9378   0.1262   0.9651
0.2052   0.9393   0.1279   0.9653
0.2104   0.9372   0.1279   0.9652
 0.137665800298
    0.961
