0.3042   0.9058   0.1198   0.9632
0.1297   0.9602   0.1010   0.9708
0.0944   0.9713   0.0805   0.9789
0.0778   0.9767   0.0955   0.9753
0.0632   0.9805   0.0946   0.9761
0.0543   0.9838   0.0999   0.9773
0.0505   0.9850   0.0916   0.9789
0.0452   0.9864   0.0930   0.9799
0.0425   0.9874   0.0899   0.9799
0.0370   0.9891   0.0987   0.9802
0.0370   0.9895   0.1120   0.9775
0.0352   0.9901   0.1011   0.9805
0.0338   0.9905   0.1067   0.9809
0.0278   0.9921   0.1072   0.9818
0.0297   0.9917   0.1119   0.9830
0.0301   0.9919   0.1176   0.9815
0.0295   0.9925   0.1207   0.9811
0.0296   0.9919   0.1149   0.9823
0.0263   0.9931   0.1121   0.9819
0.0252   0.9934   0.1188   0.9814
 0.118029731236
    0.9825
