0.3781   0.8908   0.2450   0.9289
0.2966   0.9132   0.2011   0.9440
0.2516   0.9252   0.1768   0.9500
0.2184   0.9355   0.1591   0.9559
0.1959   0.9411   0.1447   0.9589
0.1751   0.9478   0.1324   0.9616
0.1612   0.9518   0.1232   0.9647
0.1474   0.9556   0.1170   0.9650
0.1365   0.9593   0.1099   0.9678
0.1288   0.9607   0.1058   0.9675
0.1198   0.9631   0.1017   0.9694
0.1132   0.9656   0.0984   0.9712
0.1056   0.9679   0.0954   0.9720
0.1005   0.9695   0.0917   0.9724
0.0935   0.9721   0.0898   0.9734
0.0897   0.9728   0.0870   0.9741
0.0847   0.9745   0.0867   0.9736
0.0818   0.9756   0.0841   0.9743
0.0769   0.9769   0.0831   0.9747
 0.0812735781389
       0.9763
