0.2680   0.9208   0.1619   0.9518
0.2392   0.9294   0.1564   0.9548
0.2460   0.9317   0.1426   0.9615
0.2443   0.9335   0.1892   0.9464
0.2548   0.9342   0.1454   0.9575
0.2640   0.9353   0.1204   0.9672
0.2867   0.9331   0.1472   0.9655
0.3513   0.9320   0.2982   0.9466
0.5447   0.9239   0.3242   0.9608
0.8378   0.9146   0.7376   0.9362
1.1834   0.9007   1.0241   0.9198
1.4575   0.8898   0.8783   0.9359
1.7797   0.8745   1.5441   0.8930
1.9609   0.8666   1.1756   0.9201
2.1907   0.8548   1.6567   0.8909
2.3414   0.8471   1.5574   0.8989
2.4917   0.8390   2.3878   0.8466
2.4704   0.8406   1.3304   0.9137
2.6052   0.8337   1.6656   0.8927
 1.82228189458
      0.8836
