14.4737   0.1020   14.4579   0.1030
14.4737   0.1020   14.4579   0.1030
14.4737   0.1020   14.4579   0.1030
14.4737   0.1020   14.4579   0.1030
14.4737   0.1020   14.4579   0.1030
14.4737   0.1020   14.4579   0.1030
14.4737   0.1020   14.4579   0.1030
14.4737   0.1020   14.4579   0.1030
14.4737   0.1020   14.4579   0.1030
14.4737   0.1020   14.4579   0.1030
14.4737   0.1020   14.4579   0.1030
14.4737   0.1020   14.4579   0.1030
14.4737   0.1020   14.4579   0.1030
14.4737   0.1020   14.4579   0.1030
14.4737   0.1020   14.4579   0.1030
14.4737   0.1020   14.4579   0.1030
14.4737   0.1020   14.4579   0.1030
14.4737   0.1020   14.4579   0.1030
14.4737   0.1020   14.4579   0.1030
 14.490167601
     0.101
